125 25 6 10000 80000 0.5
0 40.66 73.94 8478
1 34.02 118.41 3879
2 41.84 87.68 2721
3 29.79 95.39 2390
4 33.57 112.09 1673
5 40.01 75.13 1574
6 29.46 98.52 1527
7 32.81 117.14 1404
8 32.79 96.77 1326
9 30.34 81.66 1010
10 32.78 97.35 1008
11 37.30 121.81 997
12 30.30 97.75 994
13 35.21 80.83 943
14 39.99 82.99 933
15 39.78 86.15 891
16 37.73 123.03 828
17 47.62 122.35 781
18 39.76 104.88 729
19 35.47 97.51 713
20 36.17 86.79 705
21 38.90 77.02 702
22 31.85 106.43 682
23 36.23 115.26 679
24 42.34 71.02 673
25 42.38 83.10 646
26 38.17 85.65 641
27 45.54 122.65 636
28 35.11 89.97 611
29 39.30 76.61 568
30 43.06 87.97 564
31 35.10 106.65 560
32 32.15 110.87 554
33 36.78 119.79 550
34 38.57 121.47 536
35 33.76 84.42 520
36 33.40 111.72 517
37 39.12 94.56 516
38 35.83 78.64 500
39 38.87 104.76 494
40 41.26 96.05 489
41 25.78 80.21 487
42 36.78 76.03 455
43 33.78 118.17 451
44 37.77 122.23 444
45 44.96 93.27 429
46 35.35 119.04 417
47 36.13 95.90 415
48 27.97 82.47 415
49 32.70 97.12 404
50 39.70 104.72 403
51 37.69 97.35 401
52 41.48 81.68 365
53 30.05 89.93 363
54 36.01 115.04 350
55 33.86 117.76 345
56 28.41 81.25 335
57 38.04 84.46 329
58 37.98 121.31 325
59 33.94 117.39 324
60 33.68 117.77 319
61 27.75 97.17 317
62 40.72 74.17 317
63 33.74 117.88 316
64 39.14 84.51 315
65 40.44 79.98 308
66 44.95 93.10 307
67 36.10 79.83 307
68 40.71 74.06 303
69 35.98 78.90 302
70 40.81 96.68 301
71 36.28 115.09 294
72 33.05 96.75 293
73 33.31 111.74 289
74 43.09 89.43 285
75 39.55 119.85 282
76 33.28 111.85 281
77 38.64 90.24 280
78 32.63 117.02 279
79 42.89 78.86 277
80 41.09 85.14 273
81 33.57 101.89 272
82 27.77 82.64 267
83 41.66 83.58 266
84 27.56 99.49 261
85 27.28 80.39 259
86 33.53 112.19 258
87 32.86 96.97 258
88 36.10 80.26 256
89 36.68 76.30 255
90 32.91 96.63 250
91 33.68 111.86 246
92 43.60 116.23 238
93 25.87 80.30 235
94 33.16 96.82 235
95 37.53 77.48 234
96 26.65 81.99 233
97 36.92 76.24 231
98 47.67 117.43 231
99 34.78 86.53 230
100 47.25 122.46 228
101 37.49 121.94 228
102 33.20 96.66 228
103 34.14 117.29 225
104 30.44 91.13 221
105 37.64 121.00 221
106 34.11 117.46 218
107 40.78 111.93 218
108 33.92 117.21 214
109 41.57 93.61 213
110 42.27 71.81 211
111 40.95 73.87 211
112 35.08 78.97 209
113 43.54 96.73 209
114 32.69 97.02 207
115 43.17 77.62 207
116 30.46 84.25 205
117 34.72 92.36 205
118 35.20 101.83 204
119 38.89 94.69 203
120 32.51 84.87 202
121 33.37 82.07 202
122 30.67 88.10 201
123 34.20 119.21 201
124 42.96 85.66 200
